39 7 9 31 46 31 8 43 42 48
12 19 46 21 49 2 36 30 27 10
23 1 9 22 46 3 8 27 30 34
22 16 15 40 26 13 1 4 17 13
40 9 30 29 5 48 42 49 33 12
47 9 26 4 8 31 7 36 3 11
45 36 48 45 14 15 34 8 46 34
22 6 1 22 46 41 25 46 20 47
27 6 27 9 15 42 11 5 22 45
16 44 41 41 14 5 26 35 46 44
32 25 28 43 31 5 7 23 5 25
10 26 22 50 5 40 41 33 46 16
18 39 15 39 21 33 26 34 32 49
2 16 14 30 26 31 12 12 46 10
3 32 44 4 25 31 14 14 6 21
44 39 4 42 44 23 38 30 25 37
37 24 40 12 20 13 43 48 9 2
49 9 33 48 20 47 26 44 17 42
9 28 42 1 40 12 32 23 10 4
29 7 19 6 1 19 37 27 49 27
8 15 30 40 19 10 49 31 30 50
1 41 32 37 38 3 9 3 50 35
24 8 28 34 37 13 29 46 29 48
7 29 1 29 31 37 7 39 36 5
13 35 46 49 49 43 15 41 49 44