21.6 -26.8 -81.0 -82.7 -13.4
-82.9 44.8 86.9 -33.8 -12.7
54.7 36.0 25.9 -92.9 0.0
49.8 -41.4 -92.2 -77.4 88.6
6.1 -64.3 33.6 38.0 36.3
-54.9 54.3 -97.6
-10.4 -92.7 57.5
-42.2 64.1 -9.9
13.8 1.5 14.7 11.5 3.6 17.7 26.6
16.5 19.9 13.9 25.7 8.4 0.9 6.4
20.4 0.4 23.0 7.8 7.3 5.0 26.8
-82.1 60.4 -6.8
26.8 -81.6 -64.5
-63.2 -66.9 32.6
39.2 33.1 -77.1 15.4 0.6
1.9 53.5 4.2 74.9 14.9
30.3 -20.5 -23.8 65.9 89.0
-60.9 -57.2 56.3 27.5 -67.1
30.2 40.9 28.6 33.9 78.8
-8.1 18.1 7.6
30.0 -5.7 -79.4
-18.1 55.4 -3.3
-72.6 -42.3 89.9
-21.6 -60.1 19.8
-37.7 -28.7 -47.6