1033
1039
1051
1109
1123
1129
1163
1187
1213
1231
1259
1291
1301
1321
1327
1361
1367
1451
1453
1459
1493
1543
1549
1567
1583
1657
1693
1697
1709
1721
1741
1747
1831
1877
2063
2081
2087
2111
2113
2131
2137
2153
2207
2243
2267
2269
2311
2339
2351
2371
2377
2441
2447
2531
2579
2591
2609
2621
2647
2663
2711
2731
2753
2777
2801
2843
2861
2917
2957
3011
3079
3109
3121
3163
3169
3181
3187
3217
3251
3253
3257
3271
3299
3301
3343
3361
3413
3433
3457
3491
3529
3583
3613
3617
3637
3659
3673
3761
3851
3853
3907
4001
4111
4139
4153
4159
4201
4243
4261
4283
4339
4373
4421
4483
4513
4519
4621
4643
4649
4663
4751
4793
4801
4999
5011
5059
5167
5189
5237
5323
5347
5381
5419
5477
5923
6151
6203
6247
6287
6311
6317
6337
6373
6427
6553
6661
6689
6733
6791
6803
6911
7039
7057
7103
7211
7213
7219
7253
7307
7309
7321
7561
7691
7699
7817
8111
8171
8191
8209
8221
8243
8263
8311
8317
8423
8429
8461
8599
8609
8627
8641
8681
8689
8753
8807
8821
8849
8861
8933
9011
9013
9059
9109
9161
9257
9323
9419
9433
9613
9697
9743
9767
9811
9833
9857
9923
9929
10253
10259
10271
10301
10321
10343
10433
10453
10457
10499
10501
10529
10567
10631
10691
10781
10837
10853
10891
10949
11027
11261
11287
11317
11353
11393
11399
11489
11519
11593
11681
11777
11801
12037
12097
12143
12161
12239
12251
12253
12277
12301
12323
12329
12343
12347
12433
12473
12491
12547
12583
12619
12721
12853
12899
12941
13001
13009
13063
13249
13339
13397
13441
13513
13537
13649
13807
14071
14143
14323
14341
14369
14387
14411
14419
14437
14561
14633
14723
14783
14831
14897
15137
15227
15263
15287
15319
15359
15373
15401
15427
15551
15607
15791
15803
15823
15881
15889
16091
16103
16127
16183
16187
16231
16301
16361
16381
16411
16417
16547
16561
16619
16633
16651
16699
16811
16903
16921
16943
16987
17027
17029
17041
17047
17137
17191
17203
17209
17317
17443
17489
17551
17579
17669
17681
17959
17977
18059
18121
18211
18217
18257
18307
18433
18451
18523
18541
18587
18617
18787
18947
19001
19009
19139
19207
19333
19391
19423
19489
19531
19597
19603
19793
19993
20113
20287
20353
20399
20407
20443
20641
20753
20759
20807
20849
21019
21031
21121
21169
21187
21521
21569
21587
21617
21673
21701
21767
21893
22027
22153
22391
22397
22447
22531
22571
22573
23053
23059
23167
23279
23291
23293
23563
23633
23743
23813
23873
24023
24029
24043
24223
24247
24407
24533
24571
24623
24683
24733
24809
24841
24889
24917
24971
24979
25033
25057
25097
25121
25127
25163
25237
25253
25343
25411
25471
25583
25633
25741
25763
26113
26119
26153
26209
26249
26371
26627
26641
26669
26681
26713
26759
26777
26801
26821
26849
27011
27017
27073
27103
27127
27143
27329
27581
27611
27697
27901
27967
28027
28111
28283
28289
28319
28403
28409
28463
28559
28571
28597
28607
28621
28643
28649
28669
28687
28711
28867
29251
29569
29947
30071
30187
30211
30271
30367
30631
30637
30677
30703
30727
30817
30851
30853
31151
31159
31249
31357
31391
31469
31481
31643
31667
32059
32143
32213
32233
32251
32257
32303
32363
32411
32413
32503
32507
32563
32611
32653
32707
32783
32831
32833
32909
32969
32987
33049
33083
33179
33191
33203
33223
33287
33311
33317
33353
33359
33377
33461
33601
33641
33713
33791
33827
33889
33997
34019
34033
34057
34123
34147
34183
34211
34213
34217
34273
34303
34327
34361
34381
34439
34457
34499
34501
34721
34871
34877
34897
34949
34961
35027
35081
35111
35117
35171
35201
35221
35267
35281
35393
35537
35591
35597
35603
35869
35911
35993
36017
36037
36107
36109
36343
36389
36433
36479
36497
36671
36767
36857
36877
36901
36923
37021
37049
37171
37379
37409
37441
37489
37511
37517
37571
37643
37993
38053
38561
38639
38651
38767
38839
38891
38921
39041
39047
39089
39113
39209
39241
39313
39359
39443
39461
39551
39791
39799
39863
39937
39971
40009
40063
40351
40423
40427
40429
40559
40577
40751
40847
40883
40933
40973
41039
41051
41057
41077
41141
41189
41231
41233
41381
41411
41413
41543
41549
41611
41729
41981
42023
42061
42083
42089
42131
42179
42193
42209
42281
42337
42373
42463
42533
42641
42689
42719
42863
43013
43037
43051
43093
43271
43457
43541
43651
43781
44021
44159
44351
44519
44531
44533
44537
44887
45013
45053
45121
45127
45161
45233
45361
45503
45569
45587
45589
45833
45949
46061
46153
46399
46511
46601
46687
46751
46829
46957
47051
47123
47129
47237
47297
47363
47543
47741
47837
47903
47963
47981
48023
48029
48119
48131
48311
48371
48487
48539
48623
48731
48757
48821
48953
48973
48991
49019
49031
49037
49103
49121
49211
49297
49307
49369
49411
49451
49459
49547
49549
49747
49811
49927
50051
50053
50329
50341
50671
50707
50723
50833
51131
51133
51151
51193
51203
51229
51283
51481
51593
51647
51713
51719
51971
51977
52127
52183
52237
52259
52291
52321
52361
52543
52769
52859
52967
53047
53113
53171
53173
53281
53353
53401
53887
53951
54011
54013
54251
54293
54787
55021
55207
55243
55331
55333
55337
55441
55487
55711
55931
56039
56053
56123
56237
56431
56479
56503
56569
56747
56767
56891
56893
56983
56989
57131
57173
57223
57241
57331
57397
57601
57641
57649
57667
57731
57737
57791
57793
57847
57881
58109
58231
58271
58367
58369
58657
58897
58943
59009
59063
59069
59197
59243
59359
59377
59393
59441
59771
59863
59999
60029
60139
60317
60331
60373
60449
60539
60623
60647
60661
60719
60733
60779
60889
60913
61031
61141
61169
61211
61343
61381
61507
61631
61871
61879
61961
62047
62081
62171
62201
62207
62311
62351
63031
63103
63127
63149
63419
63521
63611
63617
63671
63703
63743
63901
63929
63949
64151
64157
64171
64223
64283
64319
64333
64403
64513
64621
64667
64937
65011
65053
65099
65101
65123
65129
65147
65183
65213
65327
65413
65479
65497
65521
65587
65677
65701
65839
65899
65929
65963
66083
66089
66179
66191
66221
66403
66467
66601
66629
66739
66821
67211
67213
67349
67369
67567
67619
67631
67699
67763
67783
67789
67891
67987
68041
68111
68113
68171
68261
68351
68449
68483
68683
68737
68771
68863
69257
69439
69499
69653
69691
69763
69859
69941
70051
70183
70309
70321
70709
70769
70853
70949
71209
71249
71429
71713
71821
71843
71849
72073
72211
72383
72431
72679
73643
73849
73883
73939
73999
74017
74161
74279
74297
74323
74381
74507
74521
74747
74857
74891
74929
75029
75289
75401
75511
75793
75821
76031
76099
76163
76369
76541
76673
76781
76819
76837
76873
76961
77023
77243
77377
77557
77647
77689
77711
77719
77773
77797
77801
77863
77977
78079
78101
78121
78347
78583
78781
79087
79229
79319
79393
79579
79609
79843
79867
79939
79999
80111
80191
80317
80447
80513
80599
80603
80621
80627
80687
81019
81071
81239
81307
81343
81563
81611
81703
81707
81749
81769
81839
81901
81967
82007
82153
82193
82241
82261
82373
82531
82571
82601
82757
82939
83093
83219
83273
83477
83497
83983
84131
84137
84223
84719
84731
84919
84979
84991
85691
85819
85853
86069
86117
86179
86539
86689
86719
86959
87107
87121
87293
87671
88007
88337
88609
88807
89213
89303
89501
89561
89659
89767
89833
89839
89899
90019
90031
90053
90071
90121
90127
90163
90217
90437
90499
90631
90659
90697
91009
91397
91711
91823
91867
92107
92143
92233
92297
92413
92479
92767
92831
92893
92921
92927
93083
93113
93131
93133
93151
93179
93371
93487
93557
93937
93979
93997
94099
94121
94529
94583
94709
94907
95063
95131
95203
95467
95603
95717
95791
95917
95971
96053
96149
96259
96431
96493
96697
96763
96769
97001
97007
97021
97159
97177
97373
97579
97607
97771
97843
97849
97931
98011
98129
98411
98419
98507
98563
98893
98899
98929
99041
99083
99139
99371
99469
99823
