85 77 61 25 97 33 90 59 33 65
36 40 43 90 71 20 96 33 78 62
71 81 81 27 21 67 44 38 37 81
98 3 84 40 66 40 69 93 88 42
43 63 37 56 14 65 90 100 3 37
99 5 72 70 8 8 30 25 39 57
65 1 96 1 73 67 53 14 41 73
66 20 69 22 7 85 61 24 89 8
24 14 36 16 88 39 74 44 24 39
23 54 38 65 82 69 24 76 81 48
60 25 81 53 58 20 33 96 62 76
74 26 27 71 100 82 40 66 75 93
36 30 96 26 79 24 11 81 86 28
89 19 10 95 2 2 100 26 75 82
59 97 10 78 73 83 67 5 66 29
87 52 47 75 81 73 73 43 24 63
60 79 28 6 36 57 78 26 7 41
59 10 76 79 46 100 39 57 69 54
55 5 32 25 3 82 28 15 15 61
10 84 44 49 83 5 67 48 20 3