-31.2 60.6 26.5 65.0 -20.7
-18.7 95.0 0.0 -47.7 21.4
-30.7 -20.8 -1.6 77.6 11.3
50.9 4.9 48.5 -72.4 -90.7
97.0 44.2 -13.8 -12.4 -12.8
-7.3 46.0 -12.5 -48.5 -17.9
52.2 51.3 63.3 80.4 12.6
-49.3 -22.9 -41.3 0.7 -90.1
-81.8 -81.3 -15.2 20.1 -24.7
53.2 65.2 -4.3 -67.7 85.3
7.4 73.0 -50.2 22.1 47.0
39.6 -84.2 18.7 -52.1 39.6
-79.6 75.0 -79.7 -17.0 60.8
-44.0 -48.0 -57.1 -53.8 -30.4
-66.8 -99.3 6.7 73.5 45.1
12.6 -97.7 -8.4 1.1 36.1
65.8 -95.0 46.8 25.2 52.4
85.3 71.9 84.4 -43.5 69.5
34.3 -67.5 -18.7 64.8 4.6
-56.3 50.0 -43.9 -90.6 12.4
-32.9 -86.6 33.4 94.2 -67.7
-62.5 40.6 17.2 -27.3 77.4
-78.5 -50.7 68.6 6.6 -76.0
-86.9 12.4 63.8 50.5 -60.7
-43.5 -23.7 -23.4 -45.0 -67.2
59.9 -67.7 34.4 77.3 -45.4
-17.8 73.2 -89.6 60.7 -76.9
-76.6 80.3 29.6 35.7 8.8
10.3 -9.8 23.8 24.1 80.6
-6.0 -40.8 40.5 -37.6 -25.1
-37.9 -28.7 6.3 60.0 71.7
54.8 16.0 -58.8 22.3 -34.1
-80.2 -20.6 88.4 58.9 26.1
65.9 59.5 87.7 -94.6 -13.8
32.4 -76.3 0.5 91.8 92.8
-26.1 81.8 28.9 44.3 -23.2
90.9 52.3 -7.5 -69.6 -11.1
30.7 25.7 24.1 66.1 -8.6
3.1 50.0 59.7 -97.9 -62.8
-58.8 8.9 -66.5 -38.3 -81.2
-79.7 75.0 -91.3 76.7 55.4
43.5 56.7 -4.7 -2.7 -82.2
-65.7 10.0 -37.6 30.8 -73.1
-73.5 74.9 39.0 59.6 34.5
1.9 92.8 47.2 -8.9 -1.0
-71.7 7.6 79.2 14.3 -89.1
81.4 1.9 13.6 45.0 85.0
-46.2 -77.7 -76.2 54.4 33.2
-36.3 29.4 -49.8 27.0 -18.9
-99.6 -51.6 -60.1 -39.9 -39.3
3.0 55.0 13.6 -35.0 40.7
31.0 70.8 14.9 -61.5 -83.7
50.8 -83.3 -76.6 31.4 -52.6
31.9 -22.9 -79.6 66.3 -22.3
-99.6 12.1 -48.5 5.3 85.5
-34.7 13.0 61.4 -25.2 -51.6
54.1 -95.4 14.0 1.1 -59.0
-7.3 -78.8 -14.3 -96.8 64.9
6.8 72.8 31.5 -13.1 72.2
63.7 -80.2 93.7 29.0 -61.9
-21.3 8.3 -84.6 68.9 -50.4
49.3 55.6 -69.9 56.3 68.1
-95.6 27.4 72.3 -96.0 -74.4
-7.6 5.7 37.5 8.4 -44.0
37.7 5.5 -67.5 -42.4 19.5
-90.0 39.2 83.4 -74.1 -24.8
-32.1 -50.9 20.6 16.3 -27.5
-6.8 97.4 14.6 -26.9 -55.9
69.2 -15.6 -7.9 -71.4 -55.4
-71.5 -51.2 63.7 -9.3 -92.8
-3.9 92.4 46.9 49.9 -85.7
99.1 -67.7 -51.5 19.5 -8.6
-31.5 77.7 60.7 73.0 -13.2
53.5 78.6 -58.6 59.8 -49.4
62.0 90.4 4.7 87.6 23.2
15.1 -33.8 24.7 -37.7 47.0
18.5 27.1 -0.2 54.5 -41.5
-96.3 -53.5 -51.0 -46.5 83.7
-36.5 -8.2 -19.5 90.5 11.1
-44.8 68.9 4.0 -60.2 72.4
-36.9 89.9 24.0 -17.3 73.7
39.4 14.2 53.5 88.3 17.9
-60.1 65.2 98.5 -77.7 -16.0
-94.4 -9.5 14.1 47.4 86.7
87.7 -62.8 38.5 64.6 45.3
-7.1 -89.7 -40.9 -2.5 82.5
-67.8 51.0 30.2 -32.8 19.9
29.0 86.3 91.0 -89.6 -10.8
-91.5 -83.2 -99.0 -62.4 -99.7
-99.6 -42.5 -91.1 -83.8 -24.9
-22.4 17.1 30.8 -63.6 68.5
5.6 -82.1 -86.8 -75.5 54.8
-79.7 -89.3 15.7 67.8 8.5
1.1 -46.5 51.3 -46.4 -38.4
-34.2 80.0 83.4 -82.6 -98.3
-37.4 67.2 8.2 97.8 -70.0
69.6 -1.4 25.3 -14.7 -26.0
-75.9 -50.2 -92.1 63.1 -1.0
-15.7 -46.7 50.6 -48.1 32.0
-45.5 -78.0 -22.0 -15.2 16.2